﻿NewCase,CumCase,NewDeath,CumDeath,NewRecovered,CumRecovered,ActiveCase,
1,1,0,0,0,0,1,1/20/2020
0,1,0,0,0,0,1,1/21/2020
0,1,0,0,0,0,1,1/22/2020
0,1,0,0,0,0,1,1/23/2020
1,2,0,0,0,0,2,1/24/2020
0,2,0,0,0,0,2,1/25/2020
3,5,0,0,0,0,5,1/26/2020
0,5,0,0,0,0,5,1/27/2020
0,5,0,0,0,0,5,1/28/2020
0,5,0,0,0,0,5,1/29/2020
1,6,0,0,0,0,6,1/30/2020
1,7,0,0,0,0,7,1/31/2020
1,8,0,0,0,0,8,2/1/2020
0,8,0,0,0,0,8,2/2/2020
3,11,0,0,0,0,11,2/3/2020
0,11,0,0,0,0,11,2/4/2020
0,11,0,0,0,0,11,2/5/2020
1,12,0,0,0,0,12,2/6/2020
0,12,0,0,0,0,12,2/7/2020
0,12,0,0,3,3,9,2/8/2020
0,12,0,0,0,3,9,2/9/2020
0,12,0,0,0,3,9,2/10/2020
1,13,0,0,0,3,10,2/11/2020
0,13,0,0,0,3,10,2/12/2020
2,15,0,0,0,3,12,2/13/2020
0,15,0,0,0,3,12,2/14/2020
0,15,0,0,0,3,12,2/15/2020
0,15,0,0,0,3,12,2/16/2020
0,15,0,0,0,3,12,2/17/2020
0,15,0,0,0,3,12,2/18/2020
0,15,0,0,0,3,12,2/19/2020
0,15,0,0,2,5,10,2/20/2020
19,34,0,0,0,5,29,2/21/2020
1,35,0,0,0,5,30,2/22/2020
0,35,0,0,0,5,30,2/23/2020
18,53,0,0,1,6,47,2/24/2020
0,53,0,0,0,6,47,2/25/2020
6,59,0,0,0,6,53,2/26/2020
0,59,0,0,1,7,52,2/27/2020
3,62,0,0,0,7,55,2/28/2020
0,62,0,0,0,7,55,2/29/2020
0,62,0,0,0,7,55,3/1/2020
2,64,0,0,0,7,57,3/2/2020
44,108,2,2,0,7,99,3/3/2020
21,129,3,5,0,7,117,3/4/2020
19,148,5,10,0,7,131,3/5/2020
65,213,1,11,0,7,195,3/6/2020
0,213,0,11,0,7,195,3/7/2020
0,213,0,11,0,7,195,3/8/2020
259,472,8,19,1,8,445,3/9/2020
224,696,6,25,0,8,663,3/10/2020
0,696,0,25,4,12,659,3/11/2020
291,987,4,29,0,12,946,3/12/2020
277,1264,7,36,0,12,1216,3/13/2020
414,1678,5,41,0,12,1625,3/14/2020
36,1714,0,41,5,17,1656,3/15/2020
0,1714,0,41,0,17,1656,3/16/2020
1822,3536,17,58,88,105,3373,3/17/2020
3551,7087,42,100,16,121,6866,3/18/2020
3355,10442,50,150,26,147,10145,3/19/2020
4777,15219,51,201,29,176,14842,3/20/2020
0,15219,0,201,2,178,14840,3/21/2020
0,15219,0,201,0,178,14840,3/22/2020
16354,31573,201,402,170,348,30823,3/23/2020
20341,51914,271,673,13,361,50880,3/24/2020
0,51914,0,673,320,681,50560,3/25/2020
16420,68334,318,991,188,869,66474,3/26/2020
0,68334,0,991,203,1072,66271,3/27/2020
16894,85228,252,1243,1593,2665,81320,3/28/2020
18093,103321,425,1668,2979,5644,96009,3/29/2020
19332,122653,444,2112,1380,7024,113517,3/30/2020
17987,140640,286,2398,1450,8474,129768,3/31/2020
22559,163199,452,2850,527,9001,151348,4/1/2020
24103,187302,996,3846,706,9707,173749,4/2/2020
26298,213600,947,4793,4945,14652,194155,4/3/2020
28103,241703,1061,5854,2796,17448,218401,4/4/2020
32105,273808,1166,7020,2133,19581,247207,4/5/2020
33510,307318,1338,8358,2182,21763,277197,4/6/2020
26493,333811,1201,9559,1796,23559,300693,4/7/2020
29510,363321,1286,10845,1851,25410,327066,4/8/2020
31709,395030,1895,12740,3380,28790,353500,4/9/2020
30859,425889,1925,14665,2480,31270,379954,4/10/2020
35386,461275,1931,16596,1718,32988,411691,4/11/2020
31606,492881,1920,18516,10494,43482,430883,4/12/2020
31633,524514,1928,20444,4281,47763,456307,4/13/2020
29308,553822,1528,21972,4333,52096,479754,4/14/2020
24446,578268,1504,23476,2607,54703,500089,4/15/2020
25802,604070,2395,25871,3842,58545,519654,4/16/2020
28711,632781,6409,32280,6295,64840,535661,4/17/2020
32549,665330,2018,34298,5497,70337,560695,4/18/2020
30023,695353,2438,36736,1992,72329,586288,4/19/2020
28252,723605,1776,38512,2875,75204,609889,4/20/2020
27668,751273,1801,40313,2162,77366,633594,4/21/2020
25634,776907,2154,42467,2837,80203,654237,4/22/2020
24019,800926,2575,45042,18876,99079,656805,4/23/2020
29127,830053,2390,47432,1293,100372,682249,4/24/2020
30719,860772,1742,49174,6616,106988,704610,4/25/2020
38509,899281,2151,51325,4436,111424,736532,4/26/2020
32417,931698,1964,53289,4512,115936,762473,4/27/2020
29218,960916,1109,54398,4784,120720,785798,4/28/2020
22541,983457,1322,55720,33227,153947,773790,4/29/2020
20517,1003974,2010,57730,10068,164015,782229,4/30/2020
31379,1035353,2902,60632,11367,175382,799339,5/1/2020
31774,1067127,2005,62637,4770,180152,824338,5/2/2020
26753,1093880,5000,67637,7028,187180,839063,5/3/2020
31839,1125719,156,67793,2611,189791,868135,5/4/2020
29266,1154985,514,67279,119,189910,897796,5/5/2020
16200,1171185,802,68081,5126,195036,908068,5/6/2020
22267,1193452,2475,70556,3957,198993,923903,5/7/2020
22119,1215571,1968,72524,13541,212534,930513,5/8/2020
30204,1245775,2840,75364,3635,216169,954242,5/9/2020
25870,1271645,1552,76916,16564,232733,961996,5/10/2020
26642,1298287,1736,78652,2446,230287,989348,5/11/2020
23767,1322054,982,79634,13143,243430,998990,5/12/2020
18044,1340098,1061,80695,2984,246414,1012989,5/13/2020
21424,1361522,1424,82119,4333,250747,1028656,5/14/2020
20840,1382362,1700,83819,17629,268376,1030167,5/15/2020
27090,1409452,2041,85860,3889,272265,1051327,5/16/2020
22813,1432265,1320,87180,10913,283178,1061907,5/17/2020
31967,1464232,1394,88574,6214,289392,1086266,5/18/2020
13227,1477459,697,89271,4920,294312,1093876,5/19/2020
24417,1501876,932,90203,4106,298418,1113255,5/20/2020
23310,1525186,1324,91527,51717,350135,1083524,5/21/2020
22787,1547973,1396,92923,11104,361239,1093811,5/22/2020
20475,1568448,1088,94011,5497,366736,1107701,5/23/2020
24151,1592599,1852,95863,12421,379157,1117579,5/24/2020
26158,1618757,1046,96909,5745,384902,1136946,5/25/2020
15253,1634010,620,97529,6606,391508,1144973,5/26/2020
24886,1658896,590,98119,8483,399991,1160786,5/27/2020
16362,1675258,770,98889,6455,406446,1169923,5/28/2020
19606,1694864,1415,100304,10015,416461,1178099,5/29/2020
21214,1716078,1263,101567,28297,444758,1169753,5/30/2020
17962,1734040,1073,102640,13473,458231,1173169,5/31/2020
23482,1757522,914,103554,5637,463868,1190100,6/1/2020
26116,1783638,693,104247,15390,479258,1200133,6/2/2020
14692,1798330,761,105008,5744,485002,1208320,6/3/2020
24890,1823220,1043,106051,6704,491706,1225463,6/4/2020
14583,1837803,825,106876,9143,500849,1230078,6/5/2020
20069,1857872,1035,107911,5518,506367,1243594,6/6/2020
28922,1886794,1127,109038,12155,518522,1259234,6/7/2020
28918,1915712,708,109746,6333,524855,1281111,6/8/2020
17848,1933560,474,110220,8649,533504,1289836,6/9/2020
17536,1951096,550,110770,6788,540292,1300034,6/10/2020
17235,1968331,1208,111978,7094,547386,1308967,6/11/2020
20315,1988646,832,112810,9220,556606,1319230,6/12/2020
21745,2010391,947,113757,5210,561816,1334818,6/13/2020
22133,2032524,709,114466,14518,576334,1341724,6/14/2020
25314,2057838,646,115112,7169,583503,1359223,6/15/2020
21754,2079592,372,115484,8688,592191,1371917,6/16/2020
18514,2098106,496,115980,6924,599115,1383011,6/17/2020
27921,2126027,722,116702,7600,606715,1402610,6/18/2020
23139,2149166,770,117472,10745,617460,1414234,6/19/2020
23046,2172212,733,118205,4673,622133,1431874,6/20/2020
36617,2208829,690,118895,18065,640198,1449736,6/21/2020
32349,2241178,558,119453,7350,647548,1474177,6/22/2020
27575,2268753,308,119761,8613,656161,1492831,6/23/2020
26519,2295272,410,120171,7401,663562,1511539,6/24/2020
34191,2329463,784,120955,7247,670809,1537699,6/25/2020
37601,2367064,690,121645,8499,679308,1566111,6/26/2020
40526,2407590,2516,124161,5856,685164,1598265,6/27/2020
44458,2452048,650,124811,20039,705203,1622034,6/28/2020
44580,2496628,507,125318,15428,720631,1650679,6/29/2020
41008,2537636,885,126203,9363,729994,1681439,6/30/2020
35757,2573393,370,126573,51976,781970,1664850,7/1/2020
43556,2616949,560,127133,8434,790404,1699412,7/2/2020
54271,2671220,725,127858,103921,894325,1649037,7/3/2020
53213,2724433,623,128481,12438,906763,1689189,7/4/2020
51933,2776366,745,129226,17385,924148,1722992,7/5/2020
57186,2833552,182,129408,12328,936476,1767668,7/6/2020
43686,2877238,235,129643,16986,953462,1794133,7/7/2020
46194,2923432,320,129963,15649,969111,1824358,7/8/2020
50263,2973695,930,130893,14074,983185,1859617,7/9/2020
64630,3038325,991,131884,12391,995576,1910865,7/10/2020
58975,3097300,799,132683,10750,1006326,1958291,7/11/2020
66281,3163581,803,133486,25613,1031939,1998156,7/12/2020
62369,3225950,906,134392,17159,1049098,2042460,7/13/2020
60113,3286063,312,134704,26784,1075882,2075477,7/14/2020
58720,3344783,349,135053,14763,1090645,2119085,7/15/2020
60711,3405494,754,135807,16559,1107204,2162483,7/16/2020
67165,3472659,946,136753,15516,1122720,2213186,7/17/2020
71484,3544143,921,137674,8401,1131121,2275348,7/18/2020
74354,3618497,917,138591,28966,1160087,2319819,7/19/2020
66963,3685460,877,139468,21931,1182018,2363974,7/20/2020
62788,3748248,496,139964,28831,1210849,2397435,7/21/2020
57276,3805524,473,140437,22420,1233269,2431818,7/22/2020
62929,3868453,1042,141479,28355,1261624,2465350,7/23/2020
69641,3938094,1074,142553,17790,1279414,2516127,7/24/2020
71714,4009808,1110,143663,18449,1297863,2568282,7/25/2020
74235,4084043,1135,144798,27941,1325804,2613441,7/26/2020
63968,4148011,929,145727,29559,1355363,2646921,7/27/2020
,,,,,,,7/28/2020
,,,,,,,7/29/2020
